557046 1
557050 2
557055 1
557060 3
557073 105
557076 4
557081 8
557086 2
557090 8
557094 5
557099 12
557104 1
557109 1
557114 1
557118 1
557122 1
557124 1
557127 1
557130 2
557145 2
557150 1
557163 1
557207 1
557213 3
557214 1
557223 2
557232 1
557237 1
557248 1
557255 2
557259 1
557260 1
557263 1
557266 1
557269 1
557282 1
557286 1
557288 1
557289 1
557295 1
557300 1
557302 64
557304 1
557307 1
557312 6
557317 1
557319 1
557321 2
557327 1
557334 1
557341 5
557344 1
557350 8
557352 27
557358 2
557360 1
557367 2
557375 1
557381 1
557383 1
557386 1
557436 2
557445 1
557450 1
557457 1
557467 1
557469 1
557470 86
557472 43
557474 1541
557476 22
557480 307
557482 23
557486 23
557489 11
557498 1
557499 1
557503 3
557505 1
557508 25
557512 8
557515 28
557518 2
557519 1
557526 1
557531 11
557532 3
557534 1
557545 512
557546 37
557549 6
557550 13
557553 3
557554 12
557556 1
557561 1
557569 1
557577 17
557579 78
557581 44
557583 1
557585 1
557591 9
557592 21
557595 4
557596 9
557597 1
557599 2
557600 19
557603 2
557604 118
557607 1
557608 12
557611 2
557612 7
557615 10
557616 8
557620 20
557621 14
557622 7
557623 8
557624 4
557625 7
557626 30
557627 14
557628 9
557631 5
557632 8
557636 300
557641 2
557646 2
557651 1
557655 1
557661 3
557662 1
557673 3
557676 1
557677 1
557681 21
557687 2
557691 1
557695 1
557699 3
557703 1
557706 2
557708 1
557709 1
557713 40
557716 10
557719 1
557727 1
557744 2
557746 1
557748 1
557783 16
557790 4
557793 4
557794 7
557795 1
557796 4
557799 3
557800 2
557802 1
557804 1
557806 1
557808 9
557811 1
557812 1
557813 3
557816 1
557818 1
557821 2
557823 3
557828 1
557830 1
557831 1
557835 4
557838 2
557839 6
557842 17
557843 2
557891 647
557894 96
557897 101
557899 28
557902 25
557905 74
557908 20
557910 22
557912 225
557914 131
557916 2
557917 59
557919 1
557920 21
557922 3
557923 1
557924 16
557927 1
557928 54
557931 1
